 -2.21957
-0.807076  1
-1.79821
 2.69098  1
-2.32138
0.758084  1
-1.75443
 2.44789  1
-0.4168
3.76185  1
-1.98468
 1.17974  1
-3.57416
 1.06209  1
-1.00898
 4.22895  1
-3.24362
0.666939  1
-5.83868
 1.19033  1
-0.471165
  1.27612  1
-2.94343
 2.50938  1
-2.18196
  1.4435  1
1.16329
1.56892  1
-5.45216
 1.90771  1
-3.58902
 4.18254  1
0.0314896
  1.63509  1
-0.612008
  4.27341  1
-1.70375
 2.65925  1
-0.486703
  2.65842  1
 -1.03139
-0.528981  1
-2.19222
 4.66465  1
-2.92079
  1.1264  1
-1.29521
 3.00274  1
-2.15554
 2.93607  1
-1.77592
 4.30591  1
-0.243996
 -1.07509  1
-0.382628
  3.75794  1
 -4.1821
0.326719  1
 -1.79541
-0.571939  1
-0.313668
-0.219632  1
-4.60978
-0.38041  1
0.223703
 3.13226  1
-3.09179
  1.8308  1
-0.523648
 0.443827  1
-1.51005
 1.88529  1
-5.12604
 2.36482  1
-1.41615
 2.68264  1
-1.58721
 2.40863  1
 2.37442
-2.80696  1
0.793368
 3.58316  1
-5.14252
 2.46555  1
-2.00184
0.378269  1
-1.39275
 4.12795  1
-2.60022
  1.4627  1
-0.610857
  2.18911  1
-1.41816
 1.04802  1
-2.85435
 3.32337  1
-3.01566
 4.03572  1
-1.69374
 -1.6795  1
 4.31462
-1.88552  -1
 1.41794
-2.96738  -1
-0.522599
 -2.57553  -1
 0.64953
-2.88138  -1
  1.80442
-0.484794  -1
-1.56096
-3.47169  -1
 2.69759
-4.32371  -1
 3.76255
-3.41647  -1
 1.21324
0.289391  -1
 3.59181
-3.63072  -1
  1.4074
-0.67002  -1
-0.804093
 -2.03687  -1
 2.42152
-2.42334  -1
  1.35412
-0.527271  -1
 1.65972
-1.79443  -1
  3.0201
-3.68869  -1
 1.74278
0.271797  -1
 1.94074
-2.18976  -1
  2.04604
-0.525079  -1
 1.44762
-2.22459  -1
 1.12277
0.129488  -1
 1.35112
-2.19177  -1
0.943261
0.722539  -1
  2.37241
-0.273504  -1
  3.98668
-0.476508  -1
  0.72587
-0.249219  -1
 1.87679
-2.09396  -1
1.86636
 -2.853  -1
 2.67594
-0.57486  -1
 1.24432
-2.75314  -1
 4.73544
-1.63077  -1
0.598565
-2.50663  -1
3.32729
-2.3725  -1
0.818355
-2.58127  -1
0.625538
-1.20841  -1
0.0719417
 -4.04344  -1
0.125539
-2.47176  -1
 1.40502
-3.79459  -1
-0.108689
 -2.84623  -1
 3.43206
-1.34608  -1
  1.55907
-0.301846  -1
  2.0758
-3.09583  -1
0.947389
 -1.1471  -1
 1.40964
-2.66155  -1
 2.00067
-3.22427  -1
 1.83048
-2.35158  -1
0.679874
-3.12103  -1
 4.00751
-1.96425  -1
0.945183
-4.21901  -1
 4.63353
-2.88813  -1
